1434733200,13
1434736800,65
1434744000,39
1434747600,26
1434751200,26
1434758400,13
1434762000,26
1434765600,26
1434772800,26
1434776400,13
1434787200,13
1434790800,26
1434819600,52
1434826800,39
1434830400,65
1434837600,78
1434841200,13
1434855600,13
1434862800,26
1434866400,26
1434877200,26
1434913200,13
1434927600,26
1434938400,13
1434952800,39
1434960000,52
1434963600,78
1434967200,39
1434970800,169
1434978000,91
1434996000,13
1434999600,52
1435006800,26
1435010400,26
1435014000,65
1435017600,39
1435021200,65
1435028400,13
1435039200,78
1435042800,52
1435046400,130
1435050000,104
1435053600,117
1435068000,13
1435086000,52
1435096800,13
1435125600,65
1435129200,91
1435132800,130
1435136400,39
1435140000,39
1435143600,13
1435161600,52
1435165200,26
1435176000,13
1435179600,13
1435183200,26
1435197600,13
1435204800,13
1435208400,13
1435212000,13
1435215600,65
1435219200,12
1435222800,24
1435226400,12
1435233600,180
1435237200,192
1435266000,24
1435280400,12
1435291200,24
1435298400,60
1435302000,12
1435305600,84
1435309200,72
1435316400,12
1435320000,84
1435327200,12
1435338000,24
1435356000,48
1435420800,12
1435428000,120
1435442400,12
1435453200,48
1435467600,12
1435478400,12
1435510800,48
1435518000,24
1435532400,72
1435536000,48
1435539600,12
1435543200,72
1435557600,11
1435561200,11
1435564800,22
1435568400,22
1435572000,11
1435582800,33
1435586400,11
1435590000,22
1435593600,33
1435611600,11
1435618800,11
1435644000,22
1435651200,66
1435654800,22
1435658400,66
1435662000,11
1435665600,33
1435687200,22
1435698000,11
1435705200,220
1435730400,11
1435734000,22
1435737600,11
1435759200,11
1435762800,11
1435766400,11
1435770000,11
1435798800,11
1435806000,11
1435813200,11
1435816800,11
1435820400,88
1435824000,22
1435827600,55
1435831200,11
1435838400,22
1435845600,22
1435852800,22
1435856400,55
1435860000,22
1435899600,11
1435928400,22
1435932000,11
1435942800,11
1435946400,11
1435989600,11
1435996800,33
1436000400,44
1436004000,33
1436007600,11
1436011200,66
1436050800,22
1436079600,11
1436083200,11
1436086800,11
1436097600,11
1436101200,44
1436112000,11
1436119200,11
1436122800,44
1436130000,11
1436133600,11
1436155200,66
1436176800,30
1436180400,20
1436194800,10
1436202000,30
1436209200,10
1436212800,20
1436223600,10
1436248800,20
1436252400,10
1436263200,50
1436266800,10
1436270400,20
1436274000,20
1436277600,20
1436281200,10
1436284800,10
1436292000,10
1436299200,10
1436302800,30
1436306400,10
1436310000,10
1436320800,10
1436324400,10
1436335200,10
1436338800,150
1436342400,240
1436346000,60
1436353200,20
1436360400,30
1436364000,10
1436367600,20
1436374800,10
1436382000,10
1436389200,10
1436414400,20
1436439600,10
1436457600,10
1436468400,10
1436493600,10
1436508000,40
1436511600,10
1436526000,20
1436544000,30
1436554800,40
1436558400,10
1436562000,10
1436565600,50
1436569200,10
1436587200,10
1436598000,30
1436608800,30
1436612400,10
1436626800,10
1436637600,20
1436641200,20
1436648400,10
1436655600,10
1436662800,10
1436670000,10
1436677200,20
1436688000,10
1436698800,10
1436709600,20
1436713200,60
1436716800,30
1436720400,10
1436724000,20
1436734800,30
1436738400,10
1436749200,30
1436752800,10
1436760000,50
1436767200,50
1436770800,40
1436774400,20
1436778000,10
1436781600,60
1436785200,30
1436799600,10
1436814000,20
1436824800,10
1436828400,10
1436832000,40
1436839200,20
1436842800,10
1436846400,40
1436850000,10
1436857200,120
1436860800,140
1436868000,20
1436886000,220
1436893200,10
1436900400,10
1436904000,10
1436907600,10
1436947200,30
1436950800,50
1436954400,30
1436961600,30
1436976000,10
1436983200,10
1436986800,20
1436990400,20
1436994000,10
1436997600,20
1437001200,30
1437004800,10
1437022800,20
1437051600,30
1437055200,20
1437062400,20
1437073200,10
1437087600,10
1437091200,10
1437116400,10
1437123600,10
1437138000,10
1437152400,20
1437166800,20
1437170400,20
1437184800,380
1437199200,10
1437206400,40
1437210000,10
1437213600,10
1437217200,40
1437238800,20
1437242400,20
1437249600,20
1437253200,10
1437264000,30
1437271200,10
1437274800,10
1437278400,10
1437285600,30
1437289200,10
1437292800,10
1437296400,30
1437300000,10
1437303600,20
1437307200,50
1437310800,40
1437314400,50
1437318000,10
1437325200,10
1437328800,20
1437332400,10
1437339600,30
1437343200,10
1437346800,10
1437354000,10
1437357600,20
1437361200,10
1437364800,40
1437379200,9
1437382800,18
1437390000,9
1437393600,18
1437397200,27
1437408000,9
1437411600,90
1437415200,9
1437422400,18
1437436800,18
1437465600,9
1437476400,9
1437480000,45
1437483600,36
1437487200,18
1437501600,495
1437505200,378
1437508800,9
1437516000,18
1437519600,27
1437534000,9
1437541200,9
1437544800,9
1437548400,18
1437577200,9
1437584400,9
1437588000,18
1437598800,9
1437609600,18
1437631200,9
1437638400,18
1437645600,9
1437649200,18
1437652800,27
1437656400,9
1437667200,9
1437670800,18
1437674400,9
1437685200,36
1437696000,18
1437732000,9
1437739200,18
1437742800,18
1437753600,18
1437760800,27
1437775200,9
1437782400,18
1437789600,9
1437804000,18
1437847200,9
1437850800,9
1437858000,27
1437861600,9
1437865200,63
1437868800,9
1437901200,9
1437912000,9
1437915600,18
1437919200,9
1437922800,18
1437926400,9
1437937200,9
1437951600,9
1437973200,9
1437980400,8
1437984000,16
1437987600,16
1437991200,24
1437994800,8
1438002000,24
1438005600,8
1438023600,8
1438027200,8
1438041600,8
1438045200,8
1438066800,16
1438077600,8
1438099200,8
1438102800,32
1438106400,16
1438110000,16
1438113600,56
1438128000,16
1438138800,8
1438149600,32
1438171200,8
1438174800,8
1438178400,8
1438182000,16
1438185600,32
1438192800,8
1438200000,8
1438225200,16
1438236000,8
1438239600,8
1438246800,8
1438250400,40
1438257600,8
1438261200,8
1438268400,16
1438275600,8
1438286400,8
1438297200,8
1438304400,16
1438308000,8
1438311600,8
1438315200,16
1438333200,24
1438336800,8
1438340400,88
1438354800,8
1438362000,120
1438365600,24
1438369200,8
1438380000,8
1438383600,8
1438430400,8
1438441200,8
1438455600,8
1438459200,8
1438462800,8
1438473600,8
1438477200,24
1438480800,16
1438484400,40
1438502400,8
1438506000,8
1438513200,16
1438520400,40
1438524000,8
1438531200,24
1438534800,24
1438538400,32
1438542000,24
1438585200,21
1438588800,14
1438603200,63
1438610400,14
1438614000,175
1438642800,126
1438657200,7
1438682400,42
1438707600,84
1438711200,98
1438743600,70
1438772400,21
1438783200,7
1438786800,49
1438794000,28
1438804800,49
1438808400,14
1438822800,7
1438826400,203
1438848000,7
1438851600,14
1438855200,7
1438873200,49
1438887600,7
1438898400,245
1438902000,273
1438912800,14
1438923600,21
1438930800,7
1438938000,7
1438956000,21
1438963200,7
1438966800,14
1438970400,14
1438992000,7
1439006400,7
1439024400,21
1439035200,7
1439038800,7
1439046000,21
1439056800,7
1439064000,7
1439071200,133
1439078400,91
1439085600,7
1439089200,7
1439092800,7
1439096400,7
1439100000,14
1439114400,14
1439118000,42
1439121600,35
1439125200,14
1439128800,63
1439132400,21
1439136000,70
1439139600,112
1439143200,112
1439146800,21
1439150400,91
1439154000,28
1439157600,7
1439161200,7
1439197200,18
1439204400,18
1439208000,18
1439226000,12
1439229600,36
1439233200,12
1439236800,18
1439240400,6
1439244000,240
1439247600,222
1439254800,6
1439265600,54
1439269200,6
1439294400,24
1439298000,24
1439308800,6
1439316000,36
1439319600,6
1439323200,12
1439330400,12
1439334000,12
1439337600,12
1439341200,6
1439352000,12
1439362800,18
1439384400,12
1439388000,6
1439395200,102
1439398800,6
1439406000,72
1439424000,6
1439427600,18
1439431200,12
1439438400,450
1439449200,252
1439452800,18
1439456400,66
1439470800,114
1439474400,6
1439485200,18
1439496000,6
1439503200,18
1439532000,12
1439539200,6
1439542800,6
1439550000,6
1439560800,6
1439568000,12
1439571600,18
1439575200,18
1439589600,18
1439593200,18
1439647200,6
1439658000,6
1439661600,18
1439672400,12
1439690400,6
1439708400,6
1439712000,6
1439722800,6
1439737200,6
1439744400,6
1439766000,342
1439791200,5
1439794800,15
1439798400,20
1439802000,5
1439827200,5
1439852400,20
1439856000,5
1439859600,5
1439884800,65
1439888400,10
1439892000,5
1439910000,10
1439928000,10
1439946000,5
1439964000,20
1439967600,75
1439971200,5
1439974800,10
1439978400,10
1439982000,40
1439985600,5
1439996400,5
1440000000,5
1440010800,25
1440014400,5
1440036000,5
1440050400,5
1440054000,10
1440057600,5
1440064800,185
1440079200,15
1440115200,15
1440118800,10
1440129600,10
1440144000,10
1440147600,50
1440151200,30
1440172800,10
1440176400,10
1440180000,15
1440183600,140
1440187200,185
1440190800,145
1440194400,175
1440198000,195
1440201600,195
1440205200,155
1440208800,165
1440212400,155
1440216000,10
1440230400,10
1440252000,5
1440255600,10
1440259200,5
1440266400,5
1440270000,5
1440273600,20
1440280800,10
1440313200,5
1440338400,25
1440342000,5
1440345600,5
1440356400,5
1440360000,20
1440363600,15
1440370800,10
1440396000,12
1440399600,32
1440410400,16
1440414000,8
1440417600,4
1440424800,4
1440432000,4
1440453600,4
1440457200,4
1440464400,4
1440471600,4
1440475200,8
1440478800,4
1440482400,12
1440489600,12
1440493200,16
1440496800,28
1440504000,4
1440507600,12
1440511200,4
1440522000,24
1440525600,4
1440532800,4
1440540000,24
1440550800,4
1440558000,4
1440572400,8
1440576000,8
1440583200,56
1440586800,4
1440590400,44
1440597600,4
1440622800,4
1440626400,4
1440630000,48
1440633600,4
1440644400,4
1440655200,4
1440658800,52
1440662400,44
1440666000,32
1440669600,16
1440673200,20
1440676800,60
1440680400,12
1440684000,4
1440694800,44
1440698400,8
1440705600,56
1440720000,4
1440745200,32
1440752400,68
1440756000,12
1440759600,4
1440763200,24
1440766800,8
1440774000,4
1440777600,8
1440781200,4
1440788400,8
1440792000,8
1440810000,28
1440813600,12
1440846000,4
1440860400,32
1440864000,24
1440882000,4
1440885600,4
1440892800,12
1440910800,4
1440925200,4
1440932400,4
1440946800,8
1440954000,48
1440979200,4
1440982800,24
1441000800,15
1441004400,66
1441008000,24
1441011600,33
1441015200,27
1441018800,24
1441022400,27
1441026000,3
1441029600,9
1441033200,3
1441047600,3
1441051200,3
1441054800,3
1441062000,3
1441072800,6
1441087200,42
1441090800,45
1441094400,21
1441098000,48
1441101600,42
1441105200,9
1441108800,18
1441116000,3
1441134000,15
1441148400,18
1441162800,3
1441166400,12
1441170000,15
1441173600,12
1441177200,24
1441180800,30
1441184400,36
1441191600,9
1441195200,6
1441198800,18
1441206000,15
1441213200,3
1441216800,3
1441220400,6
1441238400,3
1441242000,3
1441260000,9
1441263600,9
1441267200,21
1441270800,3
1441274400,9
1441278000,21
1441281600,30
1441285200,15
1441306800,3
1441314000,3
1441342800,3
1441346400,6
1441350000,21
1441353600,36
1441357200,57
1441360800,30
1441364400,45
1441368000,15
1441371600,6
1441375200,3
1441378800,6
1441386000,3
1441407600,3
1441411200,3
1441429200,3
1441454400,3
1441461600,15
1441472400,6
1441486800,3
1441504800,3
1441530000,3
1441533600,3
1441540800,6
1441544400,3
1441566000,6
1441569600,12
1441576800,6
1441584000,15
1441591200,3
1441598400,9
1441602000,6
1441605600,4
1441609200,10
1441612800,18
1441616400,34
1441620000,10
1441623600,12
1441627200,18
1441630800,14
1441663200,2
1441684800,12
1441695600,8
1441699200,26
1441702800,4
1441706400,10
1441710000,194
1441713600,16
1441717200,2
1441720800,8
1441746000,4
1441749600,2
1441760400,6
1441778400,6
1441782000,24
1441785600,50
1441789200,12
1441792800,16
1441796400,10
1441800000,12
1441803600,6
1441807200,8
1441814400,4
1441825200,4
1441828800,4
1441832400,2
1441854000,6
1441857600,2
1441864800,2
1441868400,30
1441872000,12
1441875600,116
1441879200,20
1441882800,8
1441886400,36
1441890000,16
1441893600,2
1441900800,2
1441904400,2
1441911600,16
1441915200,14
1441926000,4
1441933200,2
1441944000,2
1441951200,2
1441954800,16
1441958400,28
1441962000,16
1441965600,4
1441969200,28
1441972800,8
1441976400,4
1441980000,10
1441983600,2
1441987200,4
1442001600,2
1442019600,8
1442044800,4
1442052000,4
1442059200,2
1442062800,2
1442073600,6
1442077200,2
1442091600,4
1442102400,4
1442109600,4
1442113200,2
1442127600,4
1442152800,2
1442163600,2
1442167200,10
1442174400,4
1442178000,2
1442203200,4
1442210400,7
1442214000,18
1442217600,3
1442221200,19
1442224800,9
1442235600,9
1442239200,3
1442246400,3
1442253600,3
1442260800,1
1442278800,1
1442289600,2
1442296800,2
1442300400,6
1442304000,23
1442307600,30
1442311200,32
1442314800,14
1442318400,8
1442322000,11
1442325600,2
1442332800,1
1442354400,3
1442358000,1
1442365200,1
1442379600,1
1442386800,6
1442390400,24
1442394000,7
1442397600,7
1442401200,17
1442404800,9
1442408400,9
1442412000,3
1442415600,7
1442419200,1
1442437200,3
1442455200,1
1442462400,4
1442469600,6
1442473200,5
1442476800,15
1442480400,7
1442484000,1
1442487600,3
1442491200,2
1442494800,4
1442505600,3
1442512800,1
1442523600,2
1442538000,2
1442556000,5
1442559600,6
1442563200,19
1442566800,19
1442570400,5
1442574000,9
1442577600,7
1442581200,14
1442599200,3
1442610000,2
1442613600,1
1442649600,1
1442664000,3
1442671200,1
1442685600,2
1442700000,10
1442710800,2
1442714400,2
1442750400,1
1442754000,3
1442757600,1
1442764800,1
1442779200,4
1442786400,23
